Angle0 Angle1 Angle2 Angle3 Angle4 Angle5 Bond0 Bond1 Bond2 Bond3
 93.6 102.4 106.7 115.5 116.5 120.6 0.93411 1.04444 1.04897 1.17640
 94.0 102.1 106.9 115.9 116.7 119.8 0.93346 1.04208 1.04608 1.17640
 94.4 101.8 107.1 116.4 116.9 118.9 0.93884 1.03635 1.05033 1.17621
 94.8 101.3 107.3 116.9 117.3 117.9 0.95006 1.03200 1.05712 1.17587
 95.2 100.8 107.5 116.8 117.6 117.9 0.96665 1.02913 1.06635 1.17534
 95.6 100.1 107.7 115.6 118.4 118.5 0.98772 1.02797 1.07769 1.17464
 96.0 99.3 107.9 114.3 119.3 119.3 1.01285 1.02858 1.09108 1.17362
 96.4 98.4 108.1 113.1 120.1 120.2 1.03102 1.04060 1.10596 1.17240
 96.7 97.5 108.3 111.8 121.1 121.2 1.03530 1.07073 1.12224 1.17079
 96.5 97.0 108.5 110.5 122.1 122.3 1.04129 1.10193 1.13938 1.16889
 95.5 97.3 108.7 109.2 123.1 123.4 1.04895 1.13402 1.15724 1.16659
 94.4 97.6 107.9 108.9 124.2 124.5 1.05802 1.16396 1.16608 1.17536
 93.3 97.9 106.7 109.1 125.3 125.7 1.06836 1.16095 1.19356 1.19792
 92.3 98.1 105.5 109.2 126.5 126.9 1.07968 1.15763 1.21151 1.22897
 91.2 98.3 104.3 109.4 127.6 128.1 1.09179 1.15399 1.22899 1.25904
 90.2 98.5 103.2 109.5 128.8 129.3 1.10436 1.15009 1.24579 1.28784
 89.1 98.7 102.1 109.6 129.9 130.6 1.11722 1.14598 1.26171 1.31515
 88.1 98.9 101.1 109.7 131.1 131.8 1.13005 1.14170 1.27662 1.34086
 87.1 99.0 100.1 109.8 132.2 133.0 1.13733 1.14268 1.29033 1.36475
 86.1 99.1 99.2 109.9 133.4 134.3 1.13292 1.15487 1.30278 1.38683
 85.2 98.1 99.3 109.9 134.5 135.5 1.12855 1.16644 1.31381 1.40686
 84.3 97.2 99.4 110.0 135.7 136.7 1.12431 1.17723 1.32352 1.42509
 83.5 96.4 99.5 110.0 136.8 138.0 1.12023 1.18705 1.33150 1.44091
 82.7 95.6 99.5 110.0 137.9 139.2 1.11641 1.19579 1.33780 1.45442
 81.9 94.8 99.6 110.0 139.0 140.4 1.11290 1.20335 1.34239 1.46560
 81.2 94.0 99.6 110.0 140.1 141.5 1.10978 1.20961 1.34523 1.47440
 80.6 93.3 99.6 109.9 141.1 142.7 1.10709 1.21453 1.34631 1.48080
 80.0 92.7 99.6 109.8 142.2 143.8 1.10490 1.21803 1.34561 1.48477
 79.5 92.1 99.6 109.7 143.2 144.9 1.10323 1.22009 1.34313 1.48630
 79.0 91.5 99.6 109.6 144.2 146.0 1.10214 1.22068 1.33887 1.48537
 78.6 90.9 99.5 109.5 145.3 147.1 1.10162 1.21978 1.33284 1.48197
 78.3 90.4 99.4 109.3 146.3 148.1 1.10171 1.21742 1.32505 1.47608
 78.0 89.9 99.3 109.1 147.2 149.2 1.10239 1.21361 1.31553 1.46770
 77.8 89.4 99.2 108.8 148.2 150.2 1.10366 1.20840 1.30432 1.45683
 77.7 89.0 99.1 108.6 149.2 151.1 1.10549 1.20184 1.29146 1.44347
 77.6 88.7 98.9 108.3 150.1 152.1 1.10785 1.19401 1.27700 1.42763
 77.6 88.3 98.7 107.9 151.1 153.0 1.11070 1.18499 1.26103 1.40935
 77.7 88.0 98.5 107.6 152.0 153.9 1.11399 1.17490 1.24364 1.38865
 77.9 87.8 98.3 107.2 152.9 154.7 1.11767 1.16387 1.22494 1.36558
 78.1 87.5 98.0 106.7 153.8 155.6 1.12165 1.15205 1.20509 1.34023
 78.4 87.4 97.7 106.2 154.7 156.4 1.12589 1.13962 1.18425 1.31269
 78.7 87.2 97.4 105.7 155.5 157.1 1.12677 1.13029 1.16266 1.28310
 79.1 87.1 97.0 105.2 156.3 157.9 1.11370 1.13478 1.14057 1.25164
 79.6 87.1 96.6 104.6 157.1 158.6 1.10067 1.11828 1.13926 1.21856
 80.1 87.1 96.2 104.0 157.9 159.3 1.08791 1.09615 1.14366 1.18417
 80.7 87.2 95.7 103.3 158.6 159.9 1.07461 1.07568 1.14786 1.14886
 81.4 87.3 95.2 102.6 159.3 160.5 1.05409 1.06424 1.11316 1.15177
 82.1 87.5 94.6 101.9 160.0 161.1 1.03510 1.05386 1.07768 1.15528
 82.9 87.8 94.0 101.2 160.5 161.6 1.01814 1.04320 1.04477 1.15826
 83.7 88.1 93.3 100.4 161.1 162.1 1.00373 1.01064 1.03720 1.16060
 84.6 88.4 92.6 99.7 161.5 162.5 0.98102 0.99235 1.03134 1.16217
 85.6 88.8 91.8 98.9 161.9 162.9 0.95547 0.98440 1.02733 1.16284
 86.6 89.2 91.0 98.1 162.2 163.2 0.93512 0.98020 1.02527 1.16250
 87.6 89.7 90.1 97.4 162.4 163.5 0.92096 0.97990 1.02521 1.16106
 88.7 89.2 90.1 96.7 162.6 163.6 0.91378 0.98356 1.02715 1.15847
 88.3 89.8 90.6 96.0 162.7 163.8 0.91400 0.99103 1.03101 1.15470
 87.3 90.9 91.1 95.3 162.6 163.8 0.92159 1.00207 1.03670 1.14979
 86.4 91.5 92.0 94.7 162.5 163.8 0.93615 1.01629 1.04406 1.14385
 85.5 91.9 93.1 94.1 162.3 163.6 0.95686 1.03322 1.05291 1.13701
 84.6 92.3 93.5 94.3 162.1 163.5 0.98272 1.05235 1.06305 1.12945
 83.8 92.7 93.0 95.4 161.8 163.3 1.01260 1.07316 1.07425 1.12139
 83.1 92.5 93.0 96.5 161.4 163.0 1.04537 1.08628 1.09512 1.11305
 82.4 92.0 93.3 97.6 161.0 162.6 1.07999 1.09890 1.10467 1.11773
 81.8 91.5 93.6 98.6 160.5 162.3 1.09647 1.11188 1.11556 1.14054
 81.2 91.1 93.8 99.6 160.0 161.8 1.08869 1.12499 1.15130 1.16315
 80.7 90.7 94.1 100.6 159.4 161.3 1.08154 1.13803 1.18521 1.18658
 80.3 90.3 94.3 101.6 158.9 160.8 1.07523 1.15079 1.20642 1.22089
 79.9 89.9 94.5 102.5 158.3 160.2 1.06992 1.16309 1.22651 1.25385
 79.5 89.6 94.6 103.4 157.6 159.5 1.06578 1.17477 1.24526 1.28514
 79.2 89.4 94.8 104.3 157.0 158.8 1.06291 1.18569 1.26250 1.31455
 79.0 89.1 94.9 105.1 156.3 158.0 1.06140 1.19572 1.27808 1.34189
 78.8 89.0 95.1 105.9 155.6 157.2 1.06130 1.20474 1.29186 1.36706
 78.7 88.8 95.2 106.6 154.9 156.4 1.06262 1.21267 1.30376 1.38997
 78.6 88.8 95.3 107.3 154.2 155.5 1.06531 1.21941 1.31368 1.41058
 78.5 88.8 95.4 107.9 153.4 154.5 1.06931 1.22491 1.32157 1.42885
 78.5 88.8 95.5 108.6 152.6 153.6 1.07451 1.22909 1.32737 1.44480
 78.5 89.0 95.5 109.1 151.8 152.6 1.08079 1.23193 1.33104 1.45843
 78.5 89.1 95.6 109.6 151.0 151.5 1.08800 1.23339 1.33258 1.46976
 78.6 89.4 95.6 110.1 150.1 150.5 1.09595 1.23345 1.33195 1.47882
 78.7 89.7 95.6 110.6 149.2 149.4 1.10449 1.23209 1.32917 1.48565
 78.9 90.1 95.6 111.0 148.3 148.3 1.11342 1.22934 1.32424 1.49028
 79.1 90.6 95.6 111.4 147.2 147.3 1.12256 1.22521 1.31719 1.49278
 79.3 91.1 95.6 111.8 146.0 146.3 1.13174 1.21972 1.30805 1.49317
 79.6 91.7 95.6 112.1 144.8 145.3 1.14079 1.21293 1.29686 1.49152
 79.9 92.4 95.5 112.4 143.6 144.2 1.14955 1.20490 1.28370 1.48786
 80.2 93.1 95.5 112.7 142.4 143.1 1.15788 1.19571 1.26866 1.48226
 80.6 93.9 95.4 113.0 141.2 141.9 1.16564 1.18546 1.25183 1.47476
 81.0 94.8 95.3 113.2 139.9 140.7 1.17271 1.17428 1.23336 1.46543
 81.5 95.2 95.7 113.5 138.7 139.4 1.16231 1.17899 1.21342 1.45433
 81.9 95.1 96.7 113.7 137.4 138.1 1.14971 1.18437 1.19220 1.44152
 82.5 95.0 97.8 113.9 136.1 136.7 1.13668 1.16997 1.18876 1.42709
 83.1 94.8 98.9 114.1 134.8 135.2 1.12343 1.14701 1.19210 1.41111
 83.7 94.7 100.1 114.4 133.5 133.7 1.11019 1.12368 1.19432 1.39367
 84.3 94.5 101.3 114.6 132.1 132.2 1.09722 1.10040 1.19536 1.37490
 85.0 94.3 102.7 114.8 130.6 130.8 1.07762 1.08480 1.19518 1.35489
 85.8 94.2 104.0 115.0 129.0 129.5 1.05588 1.07320 1.19373 1.33379
 86.5 94.0 105.4 115.2 127.3 128.1 1.03573 1.06271 1.19098 1.31175
 87.3 93.8 106.9 115.4 125.6 126.8 1.01777 1.05361 1.18692 1.28895
 88.2 93.5 108.4 115.6 123.9 125.4 1.00257 1.04616 1.18155 1.26559
 89.0 93.3 110.0 115.8 122.2 124.1 0.99067 1.04058 1.17486 1.24189
 89.9 93.1 111.6 116.0 120.5 122.8 0.98252 1.03708 1.16689 1.21811
 90.7 92.8 113.2 116.1 118.8 121.4 0.97843 1.03579 1.15770 1.19453
 91.6 92.5 114.8 116.3 117.2 120.2 0.97856 1.03680 1.14736 1.17147
 92.2 92.4 115.7 116.4 116.5 118.9 0.98289 1.04012 1.13599 1.14927
 91.9 93.2 114.2 116.5 117.7 118.1 0.99119 1.04573 1.12373 1.12832
 91.5 93.9 112.8 116.4 116.6 119.8 1.00312 1.05351 1.10900 1.11078
 91.1 94.7 111.6 115.2 116.7 121.4 1.01815 1.06332 1.09169 1.09737
 90.6 95.4 110.4 114.1 116.7 123.0 1.03571 1.07497 1.07680 1.08378
 90.1 96.0 109.4 112.9 116.8 124.6 1.05514 1.06465 1.07032 1.08824
 89.5 96.7 108.4 111.8 116.8 126.1 1.05555 1.05736 1.07577 1.10291
 88.9 97.4 107.6 110.6 116.8 127.5 1.04528 1.04969 1.09697 1.11876
 88.2 98.1 106.8 109.5 116.8 129.0 1.03447 1.04717 1.11812 1.13557
 87.4 98.8 106.1 108.4 116.9 130.3 1.02532 1.04798 1.13871 1.15314
 86.5 99.6 105.5 107.2 116.9 131.6 1.01819 1.05194 1.15832 1.17125
 85.6 100.5 104.9 106.1 116.9 132.8 1.01339 1.05883 1.17667 1.18965
 84.6 101.5 104.4 104.9 116.9 134.0 1.01113 1.06833 1.19352 1.20808
 83.7 102.6 103.7 103.9 116.9 135.1 1.01154 1.08014 1.20871 1.22627
 82.7 102.6 103.5 103.8 116.9 136.1 1.01465 1.09391 1.22211 1.24397
 81.7 101.4 103.0 105.1 116.9 137.0 1.02039 1.10932 1.23360 1.26095
 80.7 100.3 102.7 106.4 116.9 137.9 1.02858 1.12605 1.24309 1.27700
 79.7 99.2 102.3 107.7 116.9 138.6 1.03898 1.14376 1.25052 1.29194
 78.7 98.1 102.0 109.1 116.9 139.3 1.05127 1.16218 1.25584 1.30561
 77.8 97.1 101.7 110.6 116.9 139.9 1.06510 1.18100 1.25902 1.31788
 76.8 96.1 101.5 112.1 116.9 140.4 1.08009 1.19999 1.26007 1.32864
 75.9 95.2 101.3 113.6 116.9 140.8 1.09588 1.21890 1.25898 1.33779
 75.0 94.4 101.1 115.1 117.0 141.2 1.11208 1.23753 1.25579 1.34526
 74.2 93.5 100.9 116.7 117.0 141.5 1.12837 1.25055 1.25570 1.35099
 73.3 92.7 100.8 117.0 118.2 141.7 1.14442 1.24332 1.27324 1.35492
 72.5 92.0 100.7 117.0 119.8 141.9 1.15994 1.23418 1.29001 1.35701
 71.7 91.3 100.6 117.0 121.4 142.0 1.17468 1.22325 1.30589 1.35724
 71.0 90.7 100.6 117.1 123.0 142.1 1.18841 1.21065 1.32076 1.35559
 70.2 90.1 100.6 117.1 124.6 142.1 1.19653 1.20094 1.33452 1.35206
 69.5 89.5 100.6 117.1 126.3 142.1 1.18109 1.21211 1.34663 1.34709
 68.8 88.9 100.7 117.1 127.9 142.1 1.16455 1.22176 1.33933 1.35840
 68.1 88.4 100.8 117.1 129.6 142.0 1.14716 1.22979 1.33018 1.36838
 67.4 88.0 100.9 117.1 131.2 141.9 1.12921 1.23609 1.31922 1.37695
 66.7 87.5 101.1 117.1 132.9 141.8 1.11104 1.24058 1.30649 1.38408
 66.0 87.1 101.3 117.0 134.6 141.6 1.09302 1.24319 1.29205 1.38970
 65.4 86.7 101.5 117.0 136.3 141.4 1.07554 1.24388 1.27601 1.39376
 64.7 86.4 101.7 116.9 137.9 141.3 1.05905 1.24261 1.25845 1.39622
 64.1 86.1 102.0 116.9 139.6 141.1 1.04398 1.23936 1.23952 1.39704
 63.5 85.8 102.3 116.8 140.8 141.2 1.03077 1.21937 1.23414 1.39617
 62.8 85.5 102.6 116.7 140.6 142.9 1.01984 1.19821 1.22696 1.39359
 62.2 85.3 103.0 116.5 140.4 144.4 1.01154 1.17626 1.21785 1.38927
 61.6 85.1 103.4 116.4 140.1 146.0 1.00615 1.15381 1.20688 1.38321
 61.0 84.9 103.7 116.2 139.9 147.5 1.00385 1.13118 1.19415 1.37540
 60.4 84.8 104.1 116.0 139.7 148.9 1.00471 1.10876 1.17975 1.36586
 59.8 84.7 104.5 115.9 139.4 150.3 1.00868 1.08698 1.16387 1.35464
 59.3 84.6 104.9 115.7 139.2 151.6 1.01557 1.06630 1.14667 1.34178
 58.7 84.6 105.3 115.5 139.0 152.8 1.02512 1.04723 1.12842 1.32736
 58.2 84.6 105.7 115.3 138.8 153.9 1.03031 1.03695 1.10939 1.31150
 57.6 84.6 106.0 115.2 138.5 154.9 1.01603 1.05064 1.08992 1.29431
 57.1 84.7 106.4 115.0 138.3 155.8 1.00488 1.06576 1.07042 1.27593
 56.6 84.7 106.7 114.9 138.1 156.6 0.99724 1.05132 1.08182 1.25654
 56.1 84.8 106.9 114.8 137.9 157.3 0.99340 1.03314 1.09839 1.23633
 55.7 84.9 107.1 114.7 137.7 157.9 0.99350 1.01641 1.11503 1.21552
 55.3 84.9 107.3 114.6 137.6 158.5 0.99754 1.00167 1.13136 1.19436
 54.9 85.0 107.5 114.5 137.4 158.9 0.98947 1.00539 1.14700 1.17312
 54.5 85.1 107.6 114.5 137.2 159.3 0.98031 1.01675 1.15210 1.16165
 54.2 85.2 107.6 114.5 137.1 159.6 0.97458 1.03125 1.13163 1.17504
 54.0 85.2 107.7 114.4 136.9 159.8 0.97256 1.04845 1.11205 1.18692
 53.7 85.3 107.7 114.4 136.8 160.0 0.97439 1.06787 1.09374 1.19710
 53.5 85.3 107.7 114.5 136.6 160.1 0.98004 1.07707 1.08901 1.20542
 53.3 85.3 107.7 114.5 136.5 160.2 0.98930 1.06241 1.11143 1.21176
 53.2 85.2 107.6 114.5 136.3 160.3 1.00186 1.05011 1.13468 1.21601
 53.1 85.2 107.5 114.6 136.2 160.3 1.01726 1.04048 1.15838 1.21811
 53.0 85.1 107.4 114.6 136.0 160.2 1.03377 1.03502 1.18219 1.21803
 52.9 84.9 107.3 114.7 135.8 160.2 1.03016 1.05460 1.20580 1.21575
 52.9 84.8 107.2 114.8 135.6 160.0 1.02974 1.07544 1.21132 1.22895
 52.8 84.6 107.1 114.9 135.4 159.9 1.03248 1.09706 1.20477 1.25143
 52.8 84.5 106.9 115.1 135.2 159.7 1.03829 1.11896 1.19620 1.27303
 52.7 84.3 106.7 115.2 135.0 159.4 1.04696 1.14073 1.18573 1.29360
 52.7 84.1 106.5 115.4 134.8 159.1 1.05819 1.16199 1.17352 1.31300
 52.6 84.0 106.3 115.6 134.5 158.8 1.07166 1.15977 1.18242 1.33111
 52.6 83.8 106.1 115.8 134.3 158.4 1.08697 1.14470 1.20172 1.34782
 52.5 83.7 105.8 116.0 134.1 157.9 1.10373 1.12860 1.21967 1.36306
 52.4 83.6 105.5 116.2 133.8 157.4 1.11178 1.12154 1.23606 1.37676
 52.2 83.5 105.2 116.5 133.6 156.9 1.09460 1.13999 1.25072 1.38886
 52.1 83.5 104.8 116.7 133.3 156.2 1.07746 1.15874 1.26350 1.39932
 51.9 83.4 104.4 117.0 133.0 155.6 1.06080 1.17743 1.27427 1.40809
 51.7 83.4 104.0 117.3 132.8 154.8 1.04507 1.19576 1.28294 1.41515
 51.5 83.5 103.6 117.5 132.5 154.0 1.03076 1.21348 1.28940 1.42048
 51.2 83.6 103.1 117.8 132.3 153.2 1.01833 1.23033 1.29360 1.42408
 50.9 83.7 102.6 118.1 132.1 152.2 1.00822 1.24614 1.29547 1.42594
 50.6 83.9 102.0 118.4 131.8 151.2 1.00080 1.26074 1.29496 1.42607
 50.2 84.1 101.4 118.7 131.6 150.2 0.99638 1.27401 1.29207 1.42448
 49.8 84.3 100.8 119.0 131.4 149.1 0.99513 1.28588 1.28677 1.42120
 49.4 84.6 100.2 119.3 131.2 148.0 0.99712 1.27908 1.29627 1.41626
 48.9 85.0 99.5 119.6 131.0 146.8 1.00228 1.26904 1.30519 1.40971
 48.4 85.4 98.9 119.9 130.7 145.6 1.01043 1.25670 1.31262 1.40160
 47.8 85.8 98.2 120.1 130.5 144.3 1.02126 1.24216 1.31861 1.39198
 47.2 86.3 97.6 120.3 130.3 143.0 1.03441 1.22553 1.32320 1.38093
 46.5 86.9 97.0 120.5 130.1 141.7 1.04945 1.20697 1.32647 1.36853
 45.8 87.5 96.4 120.7 129.8 140.4 1.06591 1.18667 1.32850 1.35487
 45.0 88.1 95.8 120.9 129.5 139.0 1.08334 1.16487 1.32939 1.34006
 44.2 88.7 95.2 121.0 129.2 137.7 1.10128 1.14187 1.32420 1.32924
 43.3 89.4 94.7 121.1 128.9 136.3 1.11803 1.11931 1.30744 1.32816
 42.5 90.1 94.1 121.2 128.6 134.9 1.09377 1.13705 1.28991 1.32627
 41.5 90.8 93.6 121.3 128.3 133.6 1.06959 1.15414 1.27179 1.32371
 40.6 91.5 93.2 121.3 127.9 132.2 1.04606 1.17028 1.25325 1.32059
 39.6 92.3 92.7 121.4 127.5 130.9 1.02380 1.18519 1.23450 1.31706
 38.7 92.3 93.0 121.3 127.1 129.6 1.00350 1.19862 1.21574 1.31327
 37.8 91.8 93.6 121.3 126.7 128.3 0.98586 1.19722 1.21039 1.30936
 37.0 91.3 94.2 121.3 126.3 127.1 0.97155 1.17915 1.22032 1.30549
 36.3 90.8 94.8 121.2 125.9 126.0 0.96115 1.16180 1.22827 1.30180
 35.7 90.3 95.3 121.2 124.9 125.7 0.95513 1.14539 1.23415 1.29846
 35.3 89.7 95.7 121.1 123.9 125.4 0.95374 1.13019 1.23787 1.29560
 35.1 89.0 96.0 121.0 123.0 125.1 0.95704 1.11643 1.23942 1.29334
 35.1 88.2 96.2 121.0 122.3 125.0 0.96486 1.10437 1.23878 1.29175
 35.2 87.3 96.4 120.9 121.6 124.9 0.97681 1.09424 1.23599 1.29087
 35.6 86.3 96.4 120.8 121.1 124.9 0.99235 1.08629 1.23111 1.29070
 36.2 85.2 96.4 120.6 120.8 124.9 1.01084 1.08072 1.22422 1.29116
 37.0 84.0 96.3 120.2 120.8 125.0 1.03157 1.07770 1.21546 1.29213
 37.9 82.7 96.1 119.9 120.7 125.2 1.05385 1.07735 1.20494 1.29349
 39.0 81.4 95.9 119.6 120.7 125.3 1.07700 1.07973 1.19286 1.29505
 40.1 80.0 95.7 119.4 120.7 125.6 1.08481 1.10044 1.17940 1.29663
 41.3 78.6 95.4 119.2 120.8 125.8 1.09247 1.12362 1.16478 1.29806
 42.5 77.2 95.2 119.1 120.8 126.1 1.10255 1.14609 1.14926 1.29915
 43.8 75.8 94.9 118.9 120.8 126.3 1.11481 1.13310 1.16747 1.29973
 45.0 74.4 94.7 118.8 120.8 126.6 1.11662 1.12895 1.18744 1.29966
 46.3 73.1 94.4 118.8 120.9 126.8 1.10016 1.14469 1.20575 1.29881
 47.5 71.8 94.2 118.7 120.9 127.1 1.08407 1.16168 1.22219 1.29705
 48.6 70.6 94.0 118.7 120.9 127.3 1.06873 1.17963 1.23659 1.29429
 49.7 69.5 93.9 118.7 120.9 127.5 1.05453 1.19821 1.24884 1.29045
 50.8 68.4 93.8 118.7 120.9 127.7 1.04187 1.21715 1.25882 1.28548
 51.7 67.5 93.7 118.7 120.8 127.9 1.03110 1.23618 1.26648 1.27931
 52.7 66.6 93.6 118.8 120.8 128.1 1.02256 1.25507 1.27177 1.27194
 53.6 65.8 93.7 118.9 120.7 128.2 1.01653 1.26336 1.27361 1.27466
 54.4 65.1 93.7 119.1 120.6 128.4 1.01321 1.25359 1.27515 1.29160
 55.2 64.5 93.8 119.4 120.4 128.5 1.01272 1.24265 1.27327 1.30889
 56.0 64.0 94.0 119.6 120.2 128.6 1.01507 1.23063 1.26903 1.32534
 56.7 63.6 94.2 120.0 120.0 128.7 1.02019 1.21758 1.26251 1.34080
 57.3 63.2 94.5 119.8 120.4 128.9 1.02790 1.20364 1.25378 1.35516
 58.0 63.0 94.8 119.5 120.8 129.0 1.03797 1.18893 1.24295 1.36832
 58.6 62.8 95.2 119.1 121.3 129.1 1.05007 1.17361 1.23013 1.38020
 59.2 62.7 95.6 118.8 121.8 129.2 1.06386 1.15787 1.21547 1.39071
 59.9 62.6 96.1 118.4 122.4 129.2 1.07897 1.14193 1.19915 1.39979
 60.5 62.6 96.7 117.9 123.0 129.3 1.09502 1.12604 1.18139 1.40739
 61.1 62.7 97.3 117.5 123.7 129.4 1.11045 1.11163 1.16241 1.41344
 61.7 62.7 98.0 117.0 124.4 129.5 1.09546 1.12846 1.14252 1.41793
 62.3 62.8 98.8 116.4 125.1 129.6 1.08138 1.12204 1.14518 1.42081
 62.9 63.0 99.6 115.8 125.9 129.6 1.06850 1.10133 1.16148 1.42207
 63.1 63.7 100.5 115.2 126.6 129.7 1.05715 1.08083 1.17709 1.42168
 63.2 64.4 101.5 114.5 127.4 129.7 1.04760 1.06100 1.19179 1.41964
 63.4 65.1 102.5 113.8 128.2 129.7 1.04012 1.04233 1.20535 1.41593
 63.6 65.9 103.6 113.1 129.1 129.7 1.02537 1.03492 1.21761 1.41054
 63.7 66.8 104.7 112.3 129.7 129.9 1.01062 1.03213 1.22842 1.40346
 63.9 67.7 105.9 111.5 129.7 130.7 0.99859 1.03184 1.23766 1.39469
 64.1 68.6 107.0 110.7 129.6 131.5 0.98971 1.03404 1.24524 1.38423
 64.3 69.6 108.2 109.8 129.5 132.3 0.98432 1.03866 1.25111 1.37211
 64.5 70.6 109.0 109.5 129.4 133.2 0.98262 1.04554 1.25523 1.35834
 64.8 71.7 108.1 110.6 129.2 133.9 0.98469 1.05447 1.25760 1.34297
 65.0 72.9 107.2 111.8 129.0 134.7 0.99042 1.06519 1.25823 1.32606
 65.2 74.0 106.4 112.9 128.8 135.5 0.99957 1.07742 1.25717 1.30769
 65.4 75.3 105.5 114.0 128.5 136.2 1.01179 1.09086 1.25448 1.28797
 65.7 76.6 104.7 115.0 128.2 136.8 1.02661 1.10518 1.25024 1.26704
 65.9 77.9 103.9 116.0 127.8 137.5 1.04352 1.12011 1.24455 1.24506
 66.2 79.3 103.2 116.9 127.5 138.0 1.06198 1.13534 1.22224 1.23752
 66.4 80.7 102.4 117.7 127.0 138.5 1.08147 1.15061 1.19880 1.22929
 66.7 82.2 101.8 118.5 126.6 139.0 1.10149 1.16567 1.17503 1.21999
 66.9 83.7 101.1 119.2 126.1 139.3 1.12156 1.15124 1.18031 1.20981
 67.2 85.2 100.5 119.8 125.5 139.6 1.12780 1.14128 1.19432 1.19891
 67.5 86.8 99.9 120.4 125.0 139.7 1.10510 1.16028 1.18751 1.20753
 67.9 88.4 99.3 120.9 124.4 139.8 1.08360 1.17580 1.17825 1.21977
 68.2 90.0 98.7 121.4 123.8 139.8 1.06378 1.16401 1.19493 1.23089
 68.6 91.7 98.2 121.8 123.2 139.6 1.04612 1.15239 1.21010 1.24078
 69.0 93.4 97.6 122.2 122.5 139.4 1.03112 1.14118 1.22358 1.24931
 69.4 95.1 97.1 121.9 122.5 139.0 1.01921 1.13061 1.23524 1.25639
 69.8 96.6 96.7 121.2 122.8 138.5 1.01077 1.12094 1.24498 1.26191
 70.3 96.0 98.4 120.6 123.0 137.9 1.00608 1.11238 1.25271 1.26581
 70.9 95.5 100.0 120.0 123.2 137.2 1.00529 1.10513 1.25841 1.26801
 71.5 95.0 101.7 119.4 123.4 136.4 1.00841 1.09939 1.26205 1.26847
 72.1 94.4 103.2 118.9 123.5 135.5 1.01532 1.09529 1.26365 1.26716
 72.7 93.8 104.8 118.4 123.6 134.5 1.02574 1.09293 1.26323 1.26405
 73.4 93.3 106.3 117.9 123.6 133.5 1.03932 1.09238 1.25914 1.26084
 74.0 92.6 107.8 117.5 123.6 132.3 1.05560 1.09365 1.25246 1.25654
 74.7 92.0 109.2 117.2 123.6 131.1 1.07410 1.09671 1.24405 1.25041
 75.4 91.4 110.6 117.0 123.5 129.9 1.09431 1.10151 1.23398 1.24254
 76.1 90.7 111.9 116.8 123.3 128.6 1.10793 1.11573 1.22233 1.23304
 76.8 90.0 113.2 116.7 123.1 127.2 1.11585 1.13790 1.20922 1.22201
 77.5 89.3 114.5 116.6 122.7 125.9 1.12510 1.16038 1.19479 1.20960
 78.1 88.6 115.8 116.6 122.3 124.5 1.13553 1.17922 1.18278 1.19595
 78.7 87.8 116.6 117.1 121.9 123.0 1.14694 1.16270 1.18124 1.20473
 79.3 87.1 116.7 118.3 121.3 121.5 1.14549 1.15915 1.16565 1.22594
 79.9 86.3 116.9 119.5 120.1 120.6 1.12786 1.14940 1.17199 1.24612
 80.5 85.5 117.1 118.5 119.8 120.7 1.11012 1.13275 1.18528 1.26501
 81.0 84.7 117.0 117.3 118.9 121.9 1.09264 1.11596 1.19886 1.28241
 81.5 83.9 115.5 117.6 117.9 123.1 1.07578 1.09936 1.21257 1.29810
 81.9 83.1 113.9 116.8 118.0 124.3 1.05995 1.08327 1.22630 1.31192
 82.3 82.4 112.3 115.6 118.3 125.4 1.04557 1.06805 1.23991 1.32369
 81.6 82.8 110.8 114.3 118.8 126.6 1.03304 1.05407 1.25332 1.33326
 80.8 83.2 109.2 113.0 119.3 127.7 1.02272 1.04171 1.26643 1.34051
 80.0 83.6 107.7 111.5 119.8 128.7 1.01495 1.03133 1.27919 1.34532
 79.2 84.0 106.2 110.0 120.3 129.7 1.00996 1.02325 1.29153 1.34760
 78.5 84.4 104.7 108.4 120.8 130.7 1.00792 1.01774 1.30343 1.34725
 77.7 84.8 103.2 106.9 121.4 131.6 1.00888 1.01500 1.31484 1.34422
 77.0 85.1 101.8 105.3 122.0 132.4 1.01278 1.01514 1.32575 1.33847
 76.3 85.5 100.5 103.8 122.6 133.2 1.01817 1.01944 1.33000 1.33613
 75.6 85.9 99.2 102.3 123.1 133.9 1.02401 1.02860 1.31881 1.34598
 74.9 86.3 98.0 100.9 123.7 134.5 1.03248 1.03994 1.30495 1.35526
 74.3 86.7 96.9 99.5 124.3 135.0 1.04331 1.05307 1.28849 1.36396
 73.6 87.1 95.9 98.3 124.8 135.5 1.05621 1.06756 1.26952 1.37207
 73.0 87.5 94.9 97.2 125.3 135.9 1.07081 1.08299 1.24820 1.37955
 72.4 88.0 94.1 96.2 125.7 136.2 1.08673 1.09894 1.22470 1.38638
 71.8 88.4 93.3 95.3 126.2 136.4 1.10360 1.11501 1.19926 1.39253
 71.2 88.9 92.6 94.5 126.6 136.6 1.12105 1.13083 1.17218 1.39797
 70.6 89.4 92.0 93.9 127.0 136.7 1.13873 1.14382 1.14605 1.40265
 70.0 90.0 91.4 93.3 127.4 136.7 1.11463 1.15631 1.16038 1.40654
 69.5 90.6 91.0 92.9 127.7 136.7 1.08516 1.17349 1.17352 1.40960
 68.9 90.6 91.2 92.6 128.1 136.6 1.05607 1.18525 1.19002 1.41179
 68.3 90.3 91.9 92.4 128.4 136.5 1.02812 1.19534 1.20564 1.41307
 67.8 90.1 92.4 92.6 128.7 136.3 1.00216 1.20362 1.22015 1.41339
 67.2 90.0 92.4 93.3 129.0 136.0 0.97912 1.20991 1.23336 1.41271
 66.6 90.0 92.6 94.2 129.3 135.7 0.95994 1.21410 1.24511 1.41099
 66.0 90.1 92.9 95.0 129.6 135.3 0.94549 1.21610 1.25527 1.40819
 65.5 90.2 93.3 96.0 129.8 134.8 0.93649 1.21584 1.26373 1.40426
 64.9 90.5 93.8 96.9 130.1 134.3 0.93345 1.21332 1.27044 1.39918
 64.3 90.9 94.5 97.9 130.3 133.6 0.93652 1.20857 1.27535 1.39292
 63.7 91.4 95.3 98.9 130.4 133.0 0.94557 1.20168 1.27849 1.38548
 63.1 91.9 96.2 99.9 130.5 132.2 0.96012 1.19278 1.27988 1.37686
 62.4 92.6 97.2 100.9 130.5 131.4 0.97946 1.18204 1.27959 1.36706
 61.8 93.4 98.3 101.8 130.4 130.5 1.00272 1.16970 1.27772 1.35613
 61.1 94.3 99.5 102.8 129.5 130.3 1.02895 1.15601 1.27437 1.34411
 60.4 95.3 100.9 103.7 128.5 130.2 1.05722 1.14126 1.26965 1.33105
 59.7 96.4 102.3 104.6 127.4 129.9 1.08666 1.12579 1.26369 1.31705
 59.0 97.7 103.9 105.5 126.3 129.6 1.10994 1.11650 1.25663 1.30218
 58.2 99.0 105.5 106.4 125.1 129.3 1.09410 1.14606 1.24860 1.28656
 57.4 100.4 107.2 107.2 123.9 128.9 1.07867 1.17476 1.23975 1.27029
 56.6 101.9 108.0 109.0 122.6 128.5 1.06408 1.20216 1.23020 1.25353
 55.7 103.5 108.8 110.8 121.2 128.0 1.05073 1.22013 1.22784 1.23643
 54.8 105.2 109.6 112.7 119.8 127.5 1.03904 1.20968 1.21916 1.25151
 53.9 107.0 110.4 114.6 118.4 127.0 1.02938 1.19903 1.20192 1.27291
 53.0 108.8 111.1 116.5 116.9 126.4 1.02204 1.18492 1.18834 1.29183
 52.1 110.7 111.8 115.5 118.4 125.8 1.01727 1.16840 1.17779 1.30814
 51.2 112.5 112.6 114.1 120.3 125.2 1.01522 1.15260 1.16758 1.32169
 50.3 112.7 113.2 114.4 122.2 124.6 1.01590 1.13780 1.15791 1.33240
 49.4 111.3 113.9 116.2 123.9 124.0 1.01926 1.12427 1.14897 1.34020
 48.6 110.0 114.6 118.0 123.3 125.7 1.02511 1.11226 1.14098 1.34505
 47.9 108.8 115.2 119.7 122.6 127.3 1.03320 1.10204 1.13413 1.34691
 47.3 107.6 115.8 121.3 121.9 128.8 1.04320 1.09384 1.12860 1.34577
 46.8 106.6 116.4 121.2 122.8 130.2 1.05472 1.08785 1.12457 1.34163
 46.4 105.6 116.9 120.5 124.3 131.4 1.06738 1.08422 1.12217 1.33452
 46.1 104.7 117.4 119.7 125.5 132.5 1.08077 1.08302 1.12149 1.32446
 46.0 104.0 117.9 118.9 126.7 133.5 1.08428 1.09450 1.12260 1.31151
 46.0 103.3 118.1 118.3 127.7 134.3 1.08795 1.10824 1.12550 1.29576
 46.2 102.8 117.2 118.7 128.6 135.0 1.09392 1.12164 1.13015 1.27730
 46.6 102.3 116.3 119.1 129.3 135.5 1.10201 1.13444 1.13645 1.25629
 47.0 102.0 115.3 119.5 129.9 135.9 1.11201 1.14427 1.14639 1.23290
 47.6 101.7 114.3 119.8 130.4 136.2 1.12364 1.15346 1.15730 1.20736
 48.3 101.6 113.2 120.2 130.8 136.3 1.13663 1.16382 1.16699 1.17999
 49.0 101.6 112.1 120.5 131.1 136.3 1.15066 1.15114 1.17514 1.17535
 49.9 101.6 110.9 120.8 131.3 136.2 1.12127 1.16544 1.18227 1.18720
 50.8 101.8 109.6 121.0 131.4 136.0 1.09095 1.18064 1.18769 1.19979
 51.7 102.0 108.2 121.2 131.4 135.7 1.06084 1.19154 1.19597 1.21269
 52.7 102.4 106.8 121.4 131.4 135.3 1.03173 1.19380 1.21113 1.22570
 53.7 102.8 105.3 121.6 131.3 134.9 1.00453 1.19445 1.22585 1.23863
 54.7 103.3 103.7 121.7 131.2 134.4 0.98019 1.19349 1.23988 1.25130
 55.7 102.0 103.9 121.7 131.0 133.9 0.95972 1.19094 1.25298 1.26357
 56.8 100.2 104.6 121.8 130.8 133.3 0.94408 1.18682 1.26493 1.27530
 57.8 98.4 105.3 121.7 130.6 132.7 0.93405 1.18118 1.27555 1.28640
 58.9 96.6 106.1 121.6 130.3 132.1 0.93019 1.17410 1.28468 1.29678
 59.9 94.8 106.8 121.5 130.0 131.4 0.93273 1.16566 1.29218 1.30637
 61.0 92.9 107.6 121.3 129.7 130.8 0.94154 1.15599 1.29797 1.31514
 62.1 91.1 108.4 121.1 129.4 130.1 0.95615 1.14525 1.30196 1.32304
 63.2 89.4 109.1 121.0 129.0 129.4 0.97583 1.13361 1.30412 1.33005
 64.3 87.7 109.9 120.8 128.6 128.7 0.99968 1.12131 1.30440 1.33614
 65.4 86.1 110.6 120.7 127.9 128.2 1.02672 1.10859 1.30280 1.34128
 66.5 84.6 111.3 120.6 127.1 127.8 1.05600 1.09571 1.29931 1.34545
 67.6 83.1 112.0 120.5 126.3 127.3 1.08299 1.08665 1.29393 1.34862
 68.7 81.7 112.7 120.5 125.5 126.7 1.07073 1.11788 1.28666 1.35076
 69.9 80.4 113.3 120.5 124.7 126.1 1.05925 1.14904 1.27753 1.35185
 71.1 79.2 113.9 120.6 123.9 125.4 1.04886 1.17959 1.26656 1.35186
 72.3 78.0 114.6 120.8 123.1 124.6 1.03987 1.20910 1.25381 1.35078
 73.6 76.9 115.2 121.0 122.3 123.8 1.03254 1.23722 1.23934 1.34861
 74.9 75.9 115.7 121.3 121.5 123.0 1.02710 1.22324 1.26370 1.34533
 74.8 76.3 116.3 120.7 121.6 122.1 1.02372 1.20565 1.28834 1.34096
 73.8 77.7 116.8 119.9 121.1 122.1 1.02249 1.18673 1.31099 1.33552
 72.8 79.2 117.3 119.1 120.1 122.6 1.02345 1.16670 1.32904 1.33155
 71.8 80.8 117.8 118.4 119.1 123.1 1.02653 1.14582 1.32155 1.34996
 70.9 82.4 117.6 118.0 118.2 123.7 1.03162 1.12440 1.31310 1.36615
 69.9 84.2 116.9 116.9 118.6 124.4 1.03852 1.10284 1.30375 1.38012
 68.9 86.0 115.8 116.3 119.0 125.2 1.04698 1.08157 1.29357 1.39184
 68.0 88.0 114.7 115.6 119.3 126.0 1.05673 1.06108 1.28264 1.40132
 67.0 90.0 113.6 115.0 119.6 126.8 1.04192 1.06745 1.27105 1.40857
 66.0 92.2 112.4 114.5 119.9 127.6 1.02464 1.07883 1.25887 1.41359
 64.9 94.4 111.3 113.9 120.2 128.5 1.00981 1.09056 1.24622 1.41640
 63.9 96.7 110.2 113.4 120.4 129.4 0.99797 1.10232 1.23321 1.41703
 62.8 99.1 109.2 112.9 120.6 130.2 0.98954 1.11385 1.21994 1.41550
 61.7 101.5 108.1 112.5 120.8 131.0 0.98489 1.12490 1.20656 1.41186
 60.6 104.0 107.2 112.0 121.0 131.8 0.98418 1.13523 1.19321 1.40615
 59.5 106.3 106.5 111.6 121.2 132.5 0.98743 1.14465 1.18005 1.39845
 58.3 105.5 109.0 111.3 121.3 133.1 0.99450 1.15301 1.16726 1.38882
 57.1 104.7 110.9 111.5 121.5 133.6 1.00507 1.15502 1.16017 1.37738
 56.0 104.1 110.5 113.9 121.6 134.1 1.01870 1.14356 1.16602 1.36423
 54.8 103.6 110.2 116.3 121.7 134.4 1.03488 1.13307 1.17047 1.34950
 53.6 103.2 109.8 118.7 121.9 134.6 1.05303 1.12379 1.17347 1.33333
 52.5 102.8 109.4 121.0 122.0 134.7 1.07256 1.11592 1.17497 1.31589
 51.3 102.6 109.0 122.0 123.2 134.7 1.09293 1.10966 1.17496 1.29734
 50.2 102.5 108.6 122.1 125.3 134.6 1.10519 1.11359 1.17342 1.27789
 49.2 102.5 108.2 122.1 127.3 134.4 1.10264 1.13408 1.17039 1.25775
